30
2059
3765
2116
2417
197
4602
536
3931
3879
2004
3653
4332
4142
3609
1015
3488
3402
4470
107
1477
1388
357
463
1376
1642
3033
124
1751
3398
4719
4355
967
3428
4087
2599
3708
4841
2751
1311
3792
3911
910
1852
2769
1126
3669
819
3610
1957
4502
1449
655
852
2485
4701
4994
239
4303
2914
196
107
2209
2262
162
3669
1803
2350
3842
3655
1815
4854
1274
1627
4236
4948
2041
14
4190
144
2642
3518
4976
2387
4463
2166
34
1563
3465
1949
2433
217
4331
4346
4058
631
109
3588
1153
2172
2796
2206
3270
316
712
3668
3223
2011
205
2318
56
1609
1348
3396
1205
4293
3597
2276
1050
3451
2386
4157
2202
3199
4987
1361
2291
1556
3709
728
920
806
489
140
4625
2683
2780
4324
154
376
4581
4900
2625
2242
2031
4382
2382
768
300
2952
4154
858
137
206
4255
3041
4881
3331
1241
2319
176
3445
1241
3201
1361
2088
4118
63
3402
933
1753
1573
3961
4569
2292
2896
3845
3951
4905
3087
994
3478
570
4891
3308
514
4794
1047
1341
2287
1277
2500
2063
1217
2698
1910
3398
4625
3641
2703
3698
2412
3165
4556
523
4490
458
1407
3869
1662
864
2161
2311
4487
2915
1529
1167
3622
4337
3774
923
3628
644
1970
3695
2602
2039
1236
1304
2151
1032
2707
1016
2067
3335
3544
3226
272
1318
3104
4875
3216
4806
4593
3751
3644
2857
343
896
723
4454
4600
2729
3274
4218
1264
1317
3744
1107
93
4929
4944
3452
269
494
4628
2228
4424
1457
1003
2858
1081
3392
1596
406
900
612
4718
4724
2127
3231
4981
1120
3912
2534
3706
706
452
746
3046
121
4824
2099
3982
1043
1988
4592
2749
2867
2204
4611
4648
676
714
3761
3869
883
1785
2843
4958
927
4762
2507
126
146
4163
3192
696
1941
704
9
3309
3976
2524
3181
4365
1947
3537
2478
1148
2699
2225
2262
535
3880
553
2643
3800
1953
1955
761
2188
2899
1195
1749
481
2371
3616
3116
276
4948
4530
4406
2177
4244
4395
2201
3577
4435
235
4561
2173
4844
2875
4703
4039
2370
2293
4463
708
4247
1293
3150
4165
3339
4996
3778
2572
3667
3027
2298
2960
150
2375
3714
991
2250
2410
29
1354
4332
792
3825
2335
3704
4971
3604
1520
1179
4690
702
2150
825
2594
2035
3300
2075
2445
1652
3813
353
3500
739
2097
2017
3337
4207
2415
1403
2721
152
3804
1279
1071
1066
936
1603
3750
2024
3846
1054
2289
2460
590
658
3742
4084
4945
4935
1725
3653
4581
2877
3041
1618
3315
2817
3336
3836
363
855
2605
398
854
3732
2605
841
4890
2011
3523
3981
967
4111
3787
2080
882
3946
4628
4821
3753
2
2335
3253
171
3870
310
66
1108
3441
2943
3543
338
3570
2648
3766
1762
4764
3823
3600
2526
126
2876
1202
2427
452
3228
2585
847
2042
4789
4565
3577
1540
3849
3703
588
3901
4282
817
2709
3733
837
1187
153
3398
3166
4348
2030
1225
1439
504
1676
206
83
253
3343
1718
552
1951
3417
4231
1603
1733
4552
4340
334
4708
2318
3262
2619
1815
2623
1257
2524
4271
4185
2530
1782
3643
1625
4691
1278
2274
4702
2014
3558
2268
2837
3046
1916
3123
3877
866
1549
3341
599
2543
1951
1506
2066
1296
481
403
1440
2926
948
4904
4293
2630
2105
4019
2502
3667
380
4931
1991
1443
4706
3849
599
1620
4841
906
1490
4175
2547
188
3016
894
3798
3466
3253
4284
3193
3794
129
696
1932
2514
3399
1905
4073
3994
4635
1210
465
4464
3503
480
3012
3008
3189
1069
886
3424
2990
4364
3931
629
3008
2275
2513
3021
2826
2440
4666
111
462
4393
482
225
3075
2000
2937
2592
2361
2471
2448
4516
3747
1847
564
2672
4161
4758
3991
855
2575
4432
3220
4595
2321
3972
3266
443
1089
133
3529
375
2266
626
1082
4560
2962
3162
1736
1442
2104
3025
4238
1559
3117
4699
4713
1387
4184
2133
4610
1979
4955
1321
1439
4723
2932
4495
187
313
4481
4552
3707
3941
4524
1680
2541
4997
1727
347
2300
3103
2979
987
1403
116
2375
3753
2178
104
4321
4643
548
4982
1961
365
265
1057
4487
4787
4082
1423
2351
3521
2431
2126
4051
902
3748
2297
3565
4847
2212
1969
2937
1484
3351
134
2347
4843
2684
3460
4625
80
1770
3434
2737
2252
1934
2080
2521
3588
2482
3927
1347
3439
4426
111
3457
4713
842
4939
778
3918
1882
4375
1497
1402
4608
1317
1445
357
3984
2147
3572
4074
715
600
2492
1969
1743
3906
4365
2601
341
4497
1413
4799
338
815
1662
2073
674
3789
361
1040
4157
3414
2812
2637
4436
2274
10
1625
1627
3835
1047
1143
3907
4449
4926
737
2808
3570
3047
1135
4768
1805
4851
3984
3029
3670
4689
2194
3143
1775
1186
4593
2738
603
336
3603
4256
3558
1567
3354
3153
1777
334
110
236
3625
755
3514
1623
1279
2218
815
1697
967
3438
255
4855
2249
658
2984
1511
3077
1661
4285
4673
3174
3952
2850
3310
54
1205
2343
2944
416
2354
4187
3198
1964
1883
4098
1344
2622
3026
4257
3847
4701
2468
2653
1602
3233
1971
22
3605
4059
2233
3005
2301
2633
542
3341
173
2059
4213
1178
160
4481
3379
1070
3839
1268
4785
4502
460
370
2243
3966
4484
3676
1223
711
1280
2109
3235
1410
2203
1497
4512
3305
1609
2821
4541
2443
4498
580
415
2955
4888
463
4773
1454
3497
1463
916
3907
3156
1260
4463
2797
4356
4325
1036
3239
2449
3961
143
3209
1322
1098
423
4461
2942
4093
4459
187
4729
1527
2953
4662
4171
2145
4206
3943
2092
699
282
1380
2431
4998
2534
1751
956
1554
1851
4811
2621
4284
3846
2694
1327
794
3819
3854
3917
923
4603
468
1744
